11 8

148 90 132 88 103 109 131 91 117 99 116 
106 115 81 139 131 134 85 98 

6 10 5 7 9 7 5 7 
4 6 7 10 8 6 3 7 
6 2 9 10 9 10 9 5 
7 2 7 6 6 3 10 7 
5 10 10 3 9 2 6 4 
7 8 6 5 2 6 10 5 
8 10 7 9 6 7 3 9 
6 2 4 10 6 10 5 9 
4 3 9 3 2 4 4 4 
4 5 10 2 3 6 3 3 
8 7 5 9 4 5 6 5 

70 56 52 32 70 44 65 52 
61 34 37 56 33 57 65 53 
48 55 56 70 36 68 38 54 
47 52 30 53 50 54 68 64 
51 37 34 57 37 65 59 43 
68 49 40 35 54 40 62 58 
35 57 61 36 34 66 34 65 
36 70 65 42 33 55 54 59 
69 34 49 67 55 30 37 52 
31 40 31 46 57 70 61 31 
64 52 34 41 39 42 41 39 
